1536043 754867
5010580 4126131
5010674 5010677
5015269 5015272
2818189 2058808
512660 162792
3229773 3679482
5355301 5355303
728458 1498356
3097 3101
1317083 2188122
1317083 2188123
67301 255748
6147360 6147362
232568 712627
4500678 4527378
161631 508964
39065 159455
547575 547583
261645 758094
4049128 3800805
2188122 11674
72861 265387
5566275 5566274
240873 728826
502111 161499
8572889 8572891
2373203 1510545
1548659 1317083
243263 730985
157835 497280
764624 1548659
9090479 9090484
9123771 9123773
3212875 3667723
4527378 4504171
4362956 4362958
4419692 4465417
11674 72861
1500666 1500668
4115820 4260741
9600409 9600415
9601177 9601184
9123773 9123786
8572891 1317083
9810 68502
1500646 728823
138560 35004
138560 138573
35004 4758
4684677 149917
2956459 2225944
2956449 2225941
1485011 2352937
124078 124079
43859 147036
43859 9022
527969 171184
38579 157942
149854 171184
56806 43859
9700355 666015
751981 1532953
3607440 3131056
43157 178982
43157 43186
8315 4730
8315 42694
8315 64054
8315 64055
8315 45336
8315 64062
66502 8859
16801 86520
124079 405680
9793721 9793723
4504228 4469840
9840057 9840060
2839533 2839536
2839533 2085755
137019 136763
137019 136766
137019 136767
3399619 3399659
3399619 2839534
6548135 6548155
9911373 9911375
8336777 8336794
6880000 6880019
4504229 4469840
147819 376668
147819 65093
9993548 91901
9993548 2751043
9793733 9793723
195700 590298
3202423 2556472
10037187 10037189
10037372 10037369
10038124 10038126