4357677 4421582
4357677 4265045
4528849 4501773
4528849 4550123
10208670 10208672
4736777 4735381
4736777 4738244
4680068 4684571
4680068 4684577
4680068 4684581
4680068 4684582
4657478 4663778
4657478 4650625
4706679 4709813
4706679 4703737
4687633 4683062
4706777 4709899
4706777 4703851
1970412 2742147
1970412 2742149
1970412 1100110
4654874 4661434
4654874 4647533
4654874 4661435
2742147 1970412
2742147 2444087
2742147 1970415
2742147 2444092
4122792 4265087
4122792 3909491
4421587 4357679
4293182 4163254
4293182 4377249
3573803 3086141
3573803 3909437
3573803 3909438
3573803 3909439
4293253 4163285
4293253 4377312
3821433 3447507
3821433 4062475
1585778 2444086
1585778 2444087
1585778 2444092
1585778 2444093
1585778 2444094
1585778 2444095
10258978 10258980
10260066 10260068
3447503 2908050
3447503 3821421
3447503 3821422
4219250 4062468
4219250 4328938
4613351 4603164
4613351 4623113
2908049 2908032
2908049 3447459
2908049 2168576
2908049 3447496
2908049 2908084
4674827 4679881
4674827 4669188
10265525 10265527
10265525 10265528
10265525 10265529
10687794 10687799
4219245 4328924
4219245 4219246
4219245 4328925
4219245 4062463
1252867 2131459
1252867 2131460
1252867 2131463
1252867 2131464
1252867 535872
1252867 2131468
1252867 2131469
1252867 2131470
1252867 2131471
4328464 4218626
4328464 4401015
4328464 4401016
4328464 4401017
4452696 4401002
4452696 4401037
4122747 3909481
4122747 4265031
4122747 4265033
757733 143258
2393708 3086135
2393708 3086141
2393708 3086142
2393708 3086143
2908032 2908049
2908032 2444087
2908032 2907975
2908032 3447457
2908032 3447458
2908032 3447459