2122278 2869219
2122278 2869221
2122278 2869222
5031149 207205
5031204 4234817
5031204 5031207
5031204 5031208
5031204 5031212
5031204 5031213
5031364 5031374
287196 800088
287196 800134
5031473 5031503
5031473 5031504
5031577 5031592
5031577 5031593
5031577 5031594
3901978 4118315
5031970 5031975
5032207 5032222
5032273 5032277
5032273 5032278
5032380 5032400
928460 1738321
328021 888934
3648965 3959439
3648965 3959440
3648965 3959441
5033636 5033646
5034727 5034729
5035104 5035110
5035104 5035111
5035104 5035112
5035104 5035113
5035237 5035249
5035328 5035335
5037069 5037077
5037774 5037781
5038469 5038494
5039861 5039876
959285 1794478
959285 1794481
959285 1794508
723762 237371
5045996 5045998
105976 338382
105976 338388
3956125 4153384
5052446 5052458
5052976 5052987
3311331 3734412
3311331 3734413
3311331 3734414
3311331 3734415
5054821 5054828
5057399 5057410
5058985 5059013
1662638 2501649
1662638 2501650
5060765 5060772
5061247 5061256
3531143 3021611
5062988 5063007
1811343 2622580
1811343 2622582
1811343 2622592
1811343 2622630
4074194 4229293
5065552 5065555
5067963 5067966
5071010 5071013
5071010 5071014
5071010 5071024
5071062 5071071
5072588 5072607
700445 1458244
5073883 5073893
5073883 5073894
5074073 5074078
5074517 5074530
5075186 5075194
5075713 5075728
5076819 5076829
1705864 2536669
1482062 2349784
5079034 5079041
5079034 5079042
5079034 5079043
5079483 5079499
5079798 5079801
5080450 5080471
3083713 3571994
3083713 3571995
5013758 5013756
5081723 5081725
5082003 5082014
5085939 5085942
5087378 5087403
856434 1671289
856434 1671294